639.199911 121.034774
488.80964 535.539142
456.131982 111.061293
986.006527 404.151991
430.306378 380.774662
445.899408 14.005525
989.762813 666.065672
263.852515 149.161543
670.972867 501.977605
930.71343 665.366897
945.555385 246.87189
982.777815 228.246135
86.213956 951.837144
658.046695 692.511753
182.290618 403.356516
928.230667 173.10963
483.692126 867.426019
384.046312 393.05101
132.530215 844.117214
641.494048 353.831001
632.440376 94.802394
820.36083 732.645383
671.527414 870.383221
35.271484 749.282356
458.549429 532.092163
512.008006 804.028519
409.640891 830.686546
326.975876 161.612269
779.488128 557.244272
923.208294 640.631317
560.931553 912.630835
182.637421 743.674063
645.455764 182.719853
788.819663 219.453875
663.14596 601.812983
411.199875 11.225358
131.360009 158.869639
32.966833 184.693794
687.488805 733.728209
253.435258 373.440265
990.023966 966.293611
802.710653 748.981016
849.372968 159.21998
970.344723 366.612964
753.124725 705.318982
313.872954 919.778168
716.902828 75.7495
59.130703 657.267933
575.371947 589.511958
517.680314 447.315875
509.029993 716.11963
407.005883 88.524152
20.211109 656.759838
169.369087 513.74963
246.504671 595.852201
669.100556 50.997179
21.55999 243.163789
822.613432 721.127254
477.664649 33.846123
352.42479 355.605814
695.928046 925.998828
148.597573 691.883762
944.831353 869.997668
575.064596 856.391989
882.917339 280.924442
698.871153 717.025954
449.477892 984.266615
537.490233 889.311935
366.037007 264.046417
935.265818 795.112557
673.488945 131.021081
724.930821 984.006337
262.03934 780.347222
261.43099 692.338573
454.11801 487.198983
674.659652 796.709193
389.855735 699.96758
214.555434 611.960068
191.837912 132.308985
865.024069 368.482111
846.018849 209.182404
544.35735 582.06256
732.502515 208.768635
114.659162 163.411399
96.32102 357.141854
427.842194 23.639195
182.275454 18.996823
810.46381 333.967062
260.45191 434.974321
822.336889 971.190919
841.209831 472.965235
31.786933 310.725211
869.990966 103.516411
454.126766 193.800696
836.617315 576.314832
689.820236 236.892882
85.184219 772.012996
13.310231 829.955803
760.020445 373.76421
